30712025
41449839
24532152
35540639
76791337
9040641
38551860
59740963
4093705
35179056
125247646
148010585
28043004
21090314
44572
150697134
88003149
116558779
42216800
28592774
23348458
47620265
53967209
120826468
93144360
46390038
30892704
52957422
50939110
35807284
23951686
147132418
48450729
41773522
19716522
14292589
48105155
132834409
118536418
141196197
60958801
109051265
50630084
115426434
39534700
49679986
86152531
31904789
53193953
9494745
57338919
150385722
58020252
157023018
118643370
18876721
55730357
56577919
64308187
111130868
126067243
96229398
33815405
44523701
51411098
74361066
151731625
59257215
130813803
22959454
33099
14832011
53817298
42683795
55541884
76794821
76188898
159700045
71595791
52717330
39659281
33375940
45313145
51712249
49062323
124951967
55682860
35660213
142460746
34465871
147824011
76186278
70555734
65636693
138153011
112147394
145456512
51416661
57602805
58690425
2096952
126423927
10540990
157092278
131422633
47692806
63853734
154352205
71726029
35233989
71973052
107357354
61394546
52657327
56959305
62579085
98339950
84413088
129882651
71603326
134352648
25112852
46795804
49658306
23606606
66589869
115213554
69948735
120352090
154365917
117009383
57260764
45201649
83511444
100391255
130057225
83329163
67639109
104114667
70976546
82984575
58910369
15011802
146024050
167210330
68773238
54046201
146048514
137737238
117257213
91921027
104710655
62846302
157774804
127102675
128497305
55160441
148744000
57453724
100238245
55524916
65965464
49071509
96644793
158017469
50684121
53738463
31717783
100390584
83857986
47484970
141876852
39439736
144415755
68873172
50086809
112063288
29058233
74363160
113198075
47562258
72216553
70469586
47484812
49679969
33799319
56654184
125226950
127926617
126565821
127600412
43773039
109115018
69908020
136361865
50672889
73371526
130631672
163487969
159938884
71112423
62642285
31163989
56651287
79988366
152816019
118323588
126289903
45799824
157606995
119232167
163894721
64006652
133535587
127728161
49299299
112230375
38057684
41515536
18028261
64657364
72866529
63495753
33853712
50130165
141925880
48531141
98962926
22162327
81716685
73406572
122901436
53289227
60753229
144934186
74363013
147498239
72835992
93865209
73407442
26210207
159828335
36574808
49189735
80447491
104856844
100391041
20333313
143744638
96133676
49064093
80461135
131584876
56925605
101039094
14347791
48111318
102269107
70873849
11544474
46764887
122695575
54805115
66643130
90020766
157236641
123146894
51744520
151222688
39276891
155383226
127888958
49271270
153435443
49062912
31879260
107603347
80447525
11310553
83382379
83337881
84761705
49058044
42331937
45603945
39476421
135050256
51707801
63416080
170910895
88456672
143585694
90199205
3735734
80385870
64905839
75918953
60804744
87172323
149191081
76673117
83971955
122442039
102206503
98126978
115615196
61189789
41170891
29281014
125362759
116156163
56822011
71652659
72869892
118280457
110254438
93763932
104149888
135985526
168003793
119838496
88511118
86818244
139965836
65098753
162108198
85841139
57106573
65065800
65429641
141349904
44680693
114060472
43153467
127687955
65510514
97673417
27815642
130040287
67976464
81172789
110284407
140998238
61316887
85426856
65484616
74342094
130975113
49983017
74361289
17493788
68776466
98458441
123222652
50826673
48532905
47484656
26266879
73245681
110254575
140656331
170274984
65435019
156587062
70744241
39054520
61477697
57494364
75510178
131346513
120436652
107502204
72645607
45996798
55743844
40701944
79028110
57155235
35330540
142444693
3244162
96986972
47856339
155599261
100553736
84375622
150973268
156158160
140692484
137820167
100491844
72726195
47721543
128769133
122081625
95191272
96810746
100390423
56427937
96141600
110346925
91004119
105525499
117979769
67853103
122546790
159792275
56334177
80861071
71723857
110586073
43453502
75419636
105182525
149039940
78251622
102518998
71437124
144416067
92878793
20308008
140397979
84668607
91676192
112715527
100390124
126529
165657585
33524537
155383130
13292933
171434587
70164301
172454327
96741023
43325642
4595700
62613059
88623200
43296471
132880558
110254733
77547683
136457301
117458512
144300930
118010933
156164842
77230180
128280139
27407568
144113252
132395500
135318581
36560815
79703526
55177953
90211667
47686676
30861883
16964343
154037480
152309098
139829939
137911594
161441452
98634928
118756175
98441881
123028582
74221460
111467980
38939614
54911259
100391916
53578151
168775688
110732153
49065928
32735106
162773855
35967050
156474780
54926504
71171319
136599045
91915904
157855347
135736685
96491622
54756276
110346887
77151273
100833874
129372495
30178529
151201731
64938430
112443863
46320614
166060251
146829024
112775332
101637533
89996665
76316886
93529035
160445431
118268634
37784700
75011264
167349921
54773803
65144752
49531696
60751029
125616006
46559423
64765801
58991411
29058244
128111626
90163954
154309827
125070578
71138589
67894857
56473407
143926363
63494345
82743783
23424457
116417256
103415557
63709552
87462670
66644253
151410215
90199006
57293789
144505557
36400753
46480246
163372258
110855484
41048202
44056079
147669364
93535657
55591070
156095191
72611915
66398881
100194389
174127288
41036554
54475913
87823265
92927704
106392828
128240154
100593500
181509778
73443318
137186529
90230320
171406098
184783921
87955601
123573602
52286150
60051067
42478421
68221789
64180326
141043551
31228205
66315408
61808364
44826582
157795720
44349308
93135605
50446586
96319087
67855538
72542248
79238546
85130100
154237566
54365109
126940881
123866641
85019702
72284804
48292084
70810963
101609607
90219193
150691430
60277942
100391182
114280056
45859418
138825243
154198624
80242061
132865725
162912722
107277532
78720942
74600530
66674585
72261789
117409525
85022083
139449579
23016084
152743714
112782669
148907861
95517640
100391867
110346882
62119873
94886445
60561363
46032508
62993900
30397765
10998783
165127459
109519677
148968035
154176615
100834789
82476625
138389893
42371539
170929877
143762688
129506984
88533605
62121639
48403989
165120769
24150239
165186639
104837887
80446972
110014691
107781073
151469109
90213628
105160503
28560482
108530815
67965452
52970081
123861247
153377578
75351413
108428105
96520737
157319021
82609081
15122145
72631578
136138144
46998322
122301460
93390407
57463625
23846271
125813835
63088525
128504517
169852242
98340116
35932806
71625046
32781302
1085712
61587635
133733
170149753
92508145
140600529
151015466
144157696
130374528
76963426
73396741
138463887
50143238
97164306
56516964
120116656
101785535
99826502
138917520
341593
6943285
175801235
151930412
44703260
78813293
68405337
23796842
87523674
81722275
77401323
65508248
43284135
62788100
66590090
52226003
142690227
153789776
123279350
73808424
122412839
134087804
109005453
53566569
149490011
135636038
157941629
117336236
152625405
70041919
85130426
43110205
157387380
128109637
130631645
73406943
65829797
81582139
169181463
48329519
45544614
50666353
133330840
58786335
152111879
54881042
86835117
149016988
108435328
146347115
139966118
41196114
67924407
53975648
139921079
150792926
129717320
93149017
73604527
58885294
134555649
172469080
85939193
110347015
55878007
77151288
45823814
64649919
166763997
44432251
151290960
106674055
78578812
43979768
63176826
121575901
33291580
65736084
79093730
181007409
64328863
149949119
71908025
76642849
80267978
148020731
132528852
88709002
51160702
45386410
67030244
121944455
83442727
11481441
129184268
48447272
127191892
76423121
118958071
27600460
55287373
43605395
100585308
141312118
1055109
62123445
57649853
53757854
61423982
127764312
73875830
100656058
25188592
42322194
20209701
98633757
135632718
125960770
157111326
118296863
112685326
147524914
71243376
148891784
85130271
121810989
76226491
21536209
92140920
73893816
157461118
23205722
84157717
154934600
157129957
55780761
106665763
66299166
70071297
47953261
45232849
86423038
144791138
92644357
131097292
150799450
157939570
31536213
74137837
53986885
182054564
62791841
127470762
65431093
126413349
165185338
26956033
151517277
52608760
65429958
89350642
49092934
49375481
149051971
115744054
166275622
119190693
93803542
158017982
80243502
37158914
94557294
66565467
70780322
146054443
103362003
85129752
77520219
76418355
41152822
33842987
85925476
79641737
117248404
72199841
87593691
123527281
14629630
50169676
115123551
9435017
77151275
129149255
70106638
85130639
144501839
94446224
76763399
89704005
130801515
85129937
55819178
155306652
127002214
34302113
121569596
111368145
75954978
72093021
83289173
29026466
59653072
63582943
165804572
113729481
57591381
160529207
120584150
120694511
14581524
155372486
122546524
77733333
32612637
123713424
35529727
157706245
153310377
129856580
93974927
138490671
116672666
31979263
49347538
115262373
154520367
123501244
78004113
65508723
147522268
57614414
46121806
77435304
154759142
76189970
109005410
48913251
139563332
30206651
45611938
53263171
135373002
145315831
82335974
74088450
53252104
125802509
74518547
42627092
140849182
121532456
120176683
77004850
71962679
97798205
37259327
80447556
46688326
64866375
64458828
102002766
63658064
96440408
65792090
126947424
72855650
52150371
144654442
53321836
51902579
31006839
129847418
100481149
137726079
117096576
70740104
79751306
89194636
137365646
79212684
89577622
135004317
110293152
75532458
119105707
27900081
67285171
155414710
148388029
73912510
85565631
49283262
152142025
107145420
97042635
133454026
131449042
43776215
171008220
100835549
40177892
53555429
118624489
94367980
43280620
129126638
58935536
48677115
90839293
37542145
93776129
63080712
91922697
36884754
111952151
6365467
143042854
138553639
101749038
180107566
92807477
78387512
106189113
75028796
34203973
57569610
96158025
59328848
75653470
985441
44941666
145398115
43237732
58077544
108417393
143964531
125827448
124299645
100661632
29694340
117799302
133687684
124768648
121602441
49015178
40972688
80992674
134087077
117090729
118426030
59496880
67582389
150456757
109863351
50092472
140927426
91519427
28881350
65329608
68962763
163025358
55665114
106449371
103676390
65522153
109832683
159015406
114233844
103107071
117166594
124017158
108270087
20697610
78391821
104012302
124320273
88674838
48935451
39606815
165882401
123181602
26141224
76188200
140579369
155284012
56044078
63527471
97552943
165638705
38234677
77687353
58767931
63453761
33763908
130914885
112341574
81162824
176771657
81984073
108251724
48421461
81713753
137103962
110254685
41007712
163699296
104131170
65165926
82748006
132586089
52615786
109458033
52023925
153977461
116910714
97526395
123320959
77154943
118291071
72741510
30298760
110346891
151665295
108522136
141750936
169804442
149127842
150106793
100151980
148488878
101610168
46101180
34828988
48149181
107281087
102677183
62067393
104880838
88728268
35709644
55218900
110346969
105280220
92848866
146000614
73681644
60472050
95124217
124334844
92652297
95128329
110347023
115002135
166062877
110347040
163451681
40981284
110347045
120744750
25707310
40629044
35257141
89957179
55882556
59069245
97993533
137118523
155822916
158401350
24134471
153508691
162331476
93561684
68518743
48376666
117103459
69903206
72186727
111618922
71793516
108632948
103748480
70517633
33483652
74926982
125287308
60314509
119161749
146262934
58616727
113292184
50430878
157203363
100768682
138077099
64027564
62235566
45316093
78656438
85130167
55696310
26020797
155585475
41737158
145101768
76964827
168254429
124341223
82901993
43916265
102089706
62108655
52003831
77779966
167152644
73350149
55981072
158942224
96050194
28228628
70630425
74046493
34298922
62288941
77151278
127636532
169923638
119579706
77120572
113001534
84577343
151567424
43637826
133559369
42060881
71330906
127269980
138900572
131003486
117611622
119657574
77085799
65188966
58479719
49714284
149365869
159231087
98958455
56861816
43637885
99683461
131685512
55694474
75564179
65752223
100390048
155886773
77489334
128523445
152452280
144944314
182097083
126438586
63634621
130239675
129143996
47574217
154297545
136686812
152462571
19819758
51184888
84700802
35059607
56635048
53004331
118562095
63810993
68329529
165496776
48303698
71031638
42839257
43058399
106042849
135471600
50736500
59368823
57702137
45188529
74229716
149217696
131646402
150658596
119151019
108236397
40040376
120718874
109402972
111527168
171233025
147947528
76633362
182580500
156777240
146063387
105938722
175881779
143773752
174871100
40523326
176992832
60714577
129787217
167256409
149477466
160275047
130272870
143575919
59364982
175331702
38856824
157800573
164757638
176624779
124575372
181737102
135397520
117981582
176743313
155489433
136061338
174918300
76187812
88990888
121392310
169362103
99440566
111584184
24052418
153006533
171457237
136755934
34333919
66760160
125285092
174917357
138221298
116322802
74450684
165639935
172451952
101958962
174197827
85012805
174105255
72314510
60535139
162764520
77883374
62356270
99451607
23541885
58872671
117725568
158486657
75378824
24852513
159505696
177094184
49494574
166102201
167725377
162691271
82094281
78103117
47580493
62960461
71947603
119636564
175766110
142714463
162090207
16059489
169965918
102205038
160708981
35377268
23458165
168076155
121451773
138385805
170716177
117450516
63692701
152153248
170757929
150136637
55914558
64260679
173031369
170009688
172957540
169959037
138232296
119318138
167122427
91433598
173000831
165000196
132306953
151243788
176100373
165304342
147877922
85414949
100137006
174744626
130412601
98257977
75767872
158857281
170802245
122442823
106367051
92874828
183248973
120899663
76675153
122520662
129024089
141174874
74133593
136925280
149747815
179302504
148216938
155666544
88322161
151599217
125649011
174352503
160230522
167766139
102853758
134157443
164538506
92678290
171238551
96899226
183291041
151709865
177641641
187751596
54518958
180922544
186918066
138941624
172179643
110949564
175777993
168219856
167926997
102237408
166206692
188121322
178734316
64881902
64238834
91356403
145046782
54697226
170838285
180109585
54709527
51035418
96507166
160651556
146150692
113511717
180825385
180061482
74476856
127518015
171197760
60122434
150451524
171661642
38290762
181288269
166534477
126188886
175641943
157277534
43234662
66299240
179837289
185012596
167174537
166515087
185059737
139429278
149040552
174314925
138265009
132477361
166992312
108359099
148818364
27042237
16750012
163455424
103907788
88958413
160816595
182452701
172464607
168639967
159772130
187554275
20297188
152394219
166738413
87608818
172122616
167589374
159660544
65546754
168342020
21993987
175503875
187932177
83075611
172834341
56360487
163934763
187555372
174810691
140014156
149825105
162921044
112767577
175816281
164703838
171709023
171336290
170646117
177544810
160820846
182526581
178128501
187862655
172418688
97737350
28797577
139071110
172156557
64785042
154459798
134088343
148868758
143843994
116529819
135250589
164885150
133172894
185452193
57029284
169933486
127161007
134514352
165213875
88475318
40620727
182734524
184629954
117711555
166803146
165979853
114196187
54406874
105201378
3530472
158139128
39652093
49790717
64272136
181925641
184773396
155514644
124006165
146628376
177362719
172704548
168483621
76061477
95880997
103782187
59793198
150957875
157630260
183598907
119509825
83952452
182692677
139585350
183433036
112938836
93724503
56954712
68019039
114176876
134340479
171453313
161462145
179754891
86565776
181373845
175209371
188098462
179143598
88339377
69583797
186236854
137685966
175577039
143628243
173848537
185512924
183199718
168848367
173335543
170323970
182844421
73372677
52327943
154522639
58073616
60683281
69674518
42133531
86429214
161211424
96122925
173978158
151243822
44657200
17581107
74998837
151243829
108757055
146368581
165253190
158075461
174965834
34370636
94689868
39369806
97668173
177654353
54370899
102239836
184980063
121004132
164292200
154328682
162330218
170247277
50347119
114109039
169574517
184336505
1764474
178340989
55373438
44537985
5785231
133698557
155929242
150684315
152416923
182793375
166150305
142887588
41869478
54885031
186047656
43943597
91729586
166539443
75122357
29857975
170937528
184367803
146952892
128223425
187410627
87135426
111059652
111367878
50475213
147196111
86444752
147322066
72614618
61457629
149263583
177155816
172367595
91330796
143585519
58907377
171169014
93974275
5633798
51931402
149393165
42309399
172020503
170442010
167054107
98294563
48821541
139356665
168869170
61849398
185707319
182122818
111138631
166381895
171961163
169073488
172002130
63688535
71953751
172284251
66288990
167159646
155777378
136451947
112815983
140876144
173595510
41379195
66234237
35919231
72776575
114737537
125259140
152352653
36671374
75073943
137256859
90327973
149329833
62896124
140396972
13377975
137634755
154212292
126486470
174345160
103037896
156891083
45984210
171644375
147051994
19179501
25220078
29162479
43132925
76154106
93811967
104815873
28923142
73606406
68103433
154127631
151407888
106872081
35867922
79740179
63956252
42855710
71650593
144801058
85130540
135450940
103009596
92681553
91538776
122410336
80446823
83129707
19637622
103449978
48795003
68869498
85749124
43031946
73350540
123188625
39753108
43298196
128230807
164599192
82451867
121144732
24886689
42589611
160925102
135275957
64116151
163806649
1470
50810324
115244504
32624088
120929757
97000925
131200486
108115433
79494641
70372864
90410497
29122050
62281227
61793804
73141262
148880914
100869665
57300519
52774440
150472233
106739239
108271144
97562156
72192045
70927920
27794994
59342389
78300725
152909367
103924281
34173499
23885885
88038975
46634561
61793862
98508358
128300620
164320855
57718359
112474206
61038174
81178208
81759848
174772841
104087146
76691052
34197101
84753006
172195436
109385330
153243255
104322551
105148037
39714438
6291079
66299526
115728020
67884692
103915168
78376610
54849189
129250988
111115948
116844295
106249998
149956367
26511120
76328722
155264788
76556052
60358422
100835099
132534047
88872736
79089441
98600738
56345893
68167461
102588197
52369191
48559922
115752755
164486968
106605887
100388675
93400900
167720773
116567878
135198534
63203150
56387412
99807063
112564058
62348131
38455140
142690150
167765864
172649835
97535851
24803179
121794556
142233463
58359674
49821564
68298630
52858759
142076815
53297040
153335698
108803990
27914141
56100768
82585517
102076335
30039983
88657588
78259893
120592310
53065403
156385214
92284607
109916095
64648898
128220867
97695427
59262915
123703238
151404490
56323790
158803662
60432339
66252511
68159200
11472867
142690025
104855274
64202476
44209138
152168435
61701623
145213177
120817404
60377086
166444800
132811137
104839942
173835144
40297610
133708814
170084943
147999760
112484176
79260311
151081178
154522525
154790945
113662498
174492151
44729829
107836328
163885480
90118890
155050032
160406581
47665463
165158264
112905020
74443776
123289870
89022480
67689489
153315859
44260627
101903385
138545179
174502683
56465437
88022304
59983652
105243696
70429492
115405112
151695167
44019008
166261333
132303701
92493142
71525725
105165407
110510688
97636191
110086534
129377928
94918298
74550941
151857565
149591454
71070113
152284581
70451622
172795047
22178473
65263787
122688250
68318894
101529276
80806846
75380163
71885006
39785426
131975640
121242074
79629786
92371676
93386208
89715170
117784804
98216166
146967143
135938919
95274855
168576618
68163434
82562280
63407340
156634092
94756078
71223277
144713199
88326395
85105524
175098235
163104844
184115715
61195531
164741644
43525402
80511519
181495077
137430568
142775849
103092778
130924840
433196