89960449
147291147
75820638
34162789
24500331
41598642
74290945
63273
76120885
31430007
45732740
37384079
59878292
124487573
14785431
133344151
167735204
125218735
149160631
58170807
99126464
118520264
130318280
80673484
42010323
96789972
82517972
93537242
114679772
93745383
44783591
92797929
63268084
184225789
142334545
86865949
82491676
128390940
166309659
25433913
88291902
79145826
68083841
96278674
119446
152072855
57846937
175529115
1212827
175432863
22822305
94704804
162833087
129243762
36775802
35767294
89081343
80819137
128932034
74375689
38634441
26030283
142445132
37365909
55464861
42942429
36541026
100419172
32645804
35783148
95084976
23378353
145932338
114913332
129812336
126684538
36164349