344105070
312923247
281982814
518941526
546997763
481374303
512304588
550691873
386236340
458242153
472840861
184387056
469270116
252099562
514589767
311546427
491892598
524351992
376604586
516037849
250152943
1675802
523204614
523151559
449118382
517602226
370106835
484406995
510154677
403637758
513819314
97996590
520977514
488788620
428482570
206909782
495102490
339630814
498457291
11261780
46284000
498896039
414062582
97812065
513630548
519525926
478058242
337088562
223985214
400002474
426756789